0,463
41,65
0,459
0,458
0,456
0,454
57,36
0,447
0,445
0,444
0,443
0,438
0,437
0,436
0,435
0,434
0,433
0,432
0,431
0,430
0,429
0,428
0,427
0,426
0,425
0,424
41,86
0,423
0,421
0,420
0,419
41,74
41,0
41,2
0,418
0,474
0,408
36,1
36,3
0,396
0,388
38,5
38,1
38,3
57,35
14,5
41,4
41,9
41,8
41,7
41,5
3,2
3,1
3,3
10,282
10,300
10,32
10,16
10,152
10,220
10,260
10,188
10,2
10,3
11,11
11,22
11,16
11,7
11,17
11,25
11,21
11,2
11,3
9,7
9,4
9,6
9,2
9,3
8,12
8,15
8,2
49,6
49,5
49,4
49,3
49,2
49,1
49,0
48,5
48,4
48,3
48,2
48,1
48,0
47,5
47,4
47,3
47,2
47,1
47,0
46,5
46,4
46,3
46,2
46,1
46,0
45,5
45,4
45,3
45,2
45,1
45,0
44,4
44,3
44,2
44,1
44,0
43,18
43,17
43,16
43,15
43,14
43,13
43,12
43,11
43,10
43,9
43,8
43,7
43,6
43,5
43,4
43,3
43,2
43,1
43,0
42,11
42,10
42,9
42,8
42,7
42,6
